1.080921733601148516e+00
8.989105866632961517e-01
8.651287197607256951e-01
9.156965165329454814e-01
7.674519002638542364e-01
6.677965817914435220e-01
8.353575013547134276e-01
8.522744271181385001e-01
6.744058217416724066e-01
6.968759368872522453e-01
9.027631890849100449e-01
8.875706049296353539e-01
7.108810764160076179e-01
6.040638064036858434e-01
1.601515553925081825e+00
1.865719421212370666e+00
1.161783722795844298e+00
1.345286285786386093e+00
8.012685605483741424e-01
1.294620395662761547e+00
1.535398672925049723e+00
1.983048495882447693e+00
2.206758129217973430e+00
1.876728319260683175e+00
1.658794069550813877e+00
1.289164289495594806e+00
1.137408934751412026e+00
1.040400874398686559e+00
1.094202984117704558e+00
1.243072233233755597e+00
1.215406073682229637e+00
1.123888963783747696e+00
1.194317828053425901e+00
1.330011016440719285e+00
1.142235509464690102e+00
9.105233363666213053e-01
1.090209469746285853e+00
1.173299936677427269e+00
9.227015439800563268e-01
8.613831997407869201e-01
1.096851935220478858e+00
1.040414910642645907e+00
8.212299535426427211e-01
9.043534032778598464e-01
1.038847403053267504e+00
9.001986608131108403e-01
7.658115602189080606e-01
9.448601642191718497e-01
9.975200019481108571e-01
8.153789620253365511e-01
7.570296657399215867e-01
9.134318793061210195e-01
8.803964544620079824e-01
6.858720256846436714e-01
6.501219724642087749e-01
5.754542648792230208e-01
6.295155126045758331e-01
8.280572294976183967e-01
7.443331684472554999e-01
7.413631033101484302e-01
9.368168493539394959e-01
1.059661193698326676e+00
1.088875733251098987e+00
8.871526723872692477e-01
8.405634973915384611e-01
9.864038926107716598e-01
9.379591924183960927e-01
7.190150909590335981e-01
7.778964173412750149e-01
9.427312107020628940e-01
7.971158737035470843e-01
6.267240874507320481e-01
7.331846731236019155e-01
6.981192133791706000e-01
5.352050784727355737e-01
4.810447033206862177e-01
5.544315000306456742e-01
5.026256668851030174e-01
3.229920062242167544e-01
3.971238845094690606e-01
4.383055279251660274e-01
2.570624570902250716e-01
2.081033744005777730e-01
3.898665338361115285e-01
2.860375042144115421e-01
1.403812833666130688e-01
3.339802401980677682e-01
4.436710043347035226e-01
3.156268003915827514e-01
1.359746853055427418e-01
1.217903201898640625e-01
1.893817265006546569e-01
3.785948035322840299e-01
4.578188968245427981e-01
5.199259994791477490e-01
6.027316692071410520e-01
7.003031924224919491e-01
7.611847969378978673e-01
8.777000988176090202e-01
7.911686533168534874e-01
6.753428095889029148e-01
6.574261283978873882e-01
5.344306429055268870e-01
5.612929260062365922e-01
6.325403711602846091e-01
7.407158795111852267e-01
7.822612278168566968e-01
8.929224713616583653e-01
1.009948522844240193e+00
1.074104765171036702e+00
1.210652309439453234e+00
1.111010686060115660e+00
1.001198025160060734e+00
1.044679371603872031e+00
1.012142436211991958e+00
8.202225732852191920e-01
7.464779096260650837e-01
7.835194718354672183e-01
6.504152985118365482e-01
4.940486683410428292e-01
4.971933237241469850e-01
3.575338717586964976e-01
1.936733937160700636e-01
2.752488527610355562e-01
2.899977472058359318e-01
1.290338418084589767e-01
2.235163041677992457e-01
3.780586969593526803e-01
3.500052250812338839e-01
3.334940651837329240e-01
2.686235076555510415e-01
3.931615500833504084e-01
4.292600804605463671e-01
4.854210824057947349e-01
3.291664465034004894e-01
2.392292014756790264e-01
3.638279831892173855e-01
2.911705488048574320e-01
1.022239448634370829e-01
2.744983656090818069e-01
3.102160153507855789e-01
1.699165999914985237e-01
2.903882136655348001e-01
4.278487318988201116e-01
3.488520739675484150e-01
4.081176510073152297e-01
6.096812676530415365e-01
7.149983088564655365e-01
9.940445544318485815e-01
1.155534660417372184e+00
1.193272361731514852e+00
9.075620680709819421e-01
8.005421573496495080e-01
8.487505794880697563e-01
6.639018336454546310e-01
5.274832621322592674e-01
3.714407578166831758e-01
4.021656833756003246e-01
3.763547944927509437e-01
2.196003653343753803e-01
1.512003163806676653e-01
2.509185060513149379e-01
1.015134954652189142e-01
8.586012688374167201e-02
2.475857009004541753e-01
2.278917366348334195e-01
2.257790416917458132e-01
4.220769731278653514e-01
4.485593046456813893e-01
3.640077905076825604e-01
5.044715152527448065e-01
6.071944549017966875e-01
5.469614190460223568e-01
6.056796370274668551e-01
7.666410067774499515e-01
7.533429301368882447e-01
7.364626582340393357e-01
7.742798625298449311e-01
8.954399365171258340e-01
9.743992582322451579e-01
9.028010253666893803e-01
9.255844296647021130e-01
8.131351438011561461e-01
6.500873685031069993e-01
6.587574341792385990e-01
6.795355494893351445e-01
5.359554231003602620e-01
4.343548576115401905e-01
4.799274035460301957e-01
4.492549636924815237e-01
2.633202760039697887e-01
2.449651957970446214e-01
4.074262291647145484e-01
3.068155579013687739e-01
2.608489478990044241e-01
4.277993734737631781e-01
5.064636284775098085e-01
4.374505960900601509e-01
5.559883266597527296e-01
7.279861386103506637e-01
6.642397530993428001e-01
7.188092001986917667e-01
9.110900117127467279e-01
1.052106559244317729e+00
1.033100716478350778e+00
1.000696228109303698e+00
1.052348184310441193e+00
1.353640346964936292e+00
1.261555754048884426e+00
8.803484147607644195e-01
6.743369138388475292e-01
1.233987104999157758e+00
1.695266482215790349e+00
1.580412820466103430e+00
1.695979206861619959e+00
3.255173413847220587e+00
4.043397902074466366e+00
4.355330128973473158e+00
5.596570973758704604e+00
6.827791512298251320e+00
7.714069991962622552e+00
8.539211696563382858e+00
8.170491233640007067e+00
7.786386621882639858e+00
6.727302218581214355e+00
6.010232267292335173e+00
4.902328694749010118e+00
4.954528449619735930e+00
4.402999083457312501e+00
4.097107233392114800e+00
2.659677189478603321e+00
1.789195189848362677e+00
7.910112866740517390e-01
1.340619707523259763e+00
1.261519908821592262e+00
1.215064240928914074e+00
1.527037758392464584e+00
2.047014290769332057e+00
2.082224173530978106e+00
2.296374273598741578e+00
1.935677708963082333e+00
1.154554545686035771e+00
9.258586124478921375e-01
7.645002467442558736e-01
6.439051540266588214e-01
5.030944796377276873e-01
3.987409323577142950e-01
4.233350359710346678e-01
3.340250013557381492e-01
4.691771782364406174e-01
