3.924566487810222104e-01
3.464613627398259732e-01
3.299603658715683507e-01
3.480421151109217570e-01
2.944387705182339721e-01
2.769299998389816442e-01
3.306742304351473205e-01
3.480211652840939918e-01
2.909173620606348432e-01
3.053165425278885903e-01
3.586622413376668872e-01
3.668494031185697835e-01
3.331884638704372126e-01
2.606732923925092482e-01
3.909209878842419550e-01
1.886118326397119849e-01
2.231983589064642781e-01
2.324102647798793331e-01
3.644123560103591508e-01
3.783947243527904236e-01
5.763813918296428751e-01
8.847064701004346832e-01
1.112276130960368592e+00
1.272891111168006573e+00
1.251399291743530373e+00
1.291730467737591814e+00
1.141213450420109687e+00
1.105381889941660534e+00
9.482748463844455911e-01
1.040917305999971898e+00
9.128407713237686183e-01
7.605753490401884198e-01
7.858498011769374791e-01
7.217582962581159389e-01
5.635164777110931444e-01
5.432983810468544617e-01
6.031780460333538985e-01
5.136621364067174289e-01
3.728475628367058370e-01
4.553706930500054373e-01
4.338596205261186500e-01
3.269919971614109189e-01
3.639447435098603356e-01
5.010364342123503345e-01
4.685660643277164694e-01
3.723141716358925324e-01
4.189085730917827544e-01
5.069120449234677528e-01
4.876335541721775191e-01
3.949656877260478982e-01
4.391635602611674294e-01
5.205136357714329476e-01
4.855643450179625287e-01
3.815349718419626668e-01
3.415350767473037674e-01
2.226811361452376570e-01
2.522756548911084806e-01
3.208642281197848223e-01
2.633018724305387082e-01
2.630171155790136384e-01
3.150944965499520856e-01
3.368616135360708030e-01
3.435074419816152025e-01
2.953401821883326339e-01
2.967549084142452331e-01
3.230639533275082576e-01
3.103577814924196043e-01
2.742828930687882805e-01
2.717649366944495104e-01
3.078581166291761151e-01
2.693115535586990128e-01
2.201968527550713928e-01
1.531246519526963945e-01
1.559974194256352753e-01
1.642329689350289501e-01
1.169235219468188619e-01
1.021810207238084273e-01
1.236070173715058396e-01
8.005614192270762985e-02
5.328915576237305135e-02
9.917039458166522492e-02
9.654941153696346146e-02
4.134515710979017739e-02
1.085405772518893558e-01
1.589079035704324128e-01
1.577938227323890108e-01
1.826376683886255237e-01
2.379204538662161861e-01
3.024216761495731598e-01
3.046932382293079944e-01
2.759879694473770795e-01
3.966381466335426320e-01
3.693866323934402174e-01
3.044223977193806774e-01
2.261153196783000363e-01
2.447497322872227710e-01
2.470586947663156729e-01
2.849924388474273096e-01
3.780827209000591216e-01
3.673362263645235659e-01
3.721484047943843243e-01
4.549231426234014997e-01
4.785580570323678118e-01
4.465950806052594313e-01
5.921674579210545186e-01
6.238678398464880814e-01
5.164813416732728646e-01
5.510271936861091957e-01
6.649507842255594214e-01
6.555101687716652359e-01
6.389128884685215670e-01
5.943018380167734982e-01
4.429674394993192710e-01
4.465693572392909760e-01
3.767118614800698539e-01
1.540090864033370477e-01
8.563530519899248405e-02
1.987527315405472339e-01
2.260787296588179507e-01
2.444071785917035777e-01
3.188599177265960538e-01
2.242026288158825709e-01
1.761373535710339389e-01
2.463284900807725386e-01
1.489156018013188254e-01
1.256863420189218983e-01
1.810069266188828463e-01
1.690238750463301798e-01
1.543688288813253873e-01
1.513254362611275161e-01
6.509287600899102411e-02
8.739457919143656106e-02
8.908871848427347973e-02
1.300455654485998813e-01
7.400139934857918877e-02
6.012315219497234992e-02
1.112392837681209362e-01
1.291883598010522827e-01
9.460951131098116473e-02
1.277372635173813775e-01
1.864161489412761441e-01
1.708720313246522016e-01
1.740669077937135045e-01
2.082465144331197282e-01
1.823104264471847036e-01
2.017830816406213923e-01
2.253306756048072679e-01
2.921958214915981178e-01
4.183632655117542343e-01
4.795822069016544842e-01
5.973899773152808734e-01
3.931191051504239753e-01
2.725876017782377647e-01
2.439751198146129507e-01
2.216671228373919833e-01
2.005234483645979560e-01
1.701155399371249988e-01
1.784651148492902850e-01
1.751523521787934079e-01
1.571413395326287099e-01
1.440708686544575623e-01
1.306504911293909221e-01
1.394962226995645482e-01
1.633844261560898625e-01
1.344023757653818318e-01
1.293175533392080800e-01
9.471416477767055642e-02
8.920052212120216373e-02
1.214883127676926744e-01
7.210799384884951369e-02
8.650699133342740210e-02
1.345034480567682267e-01
1.057732437686902949e-01
9.557034830139184145e-02
1.493254339919834750e-01
1.780421591958767369e-01
1.890753090266801828e-01
1.870874013453374951e-01
1.657758551167546890e-01
1.761200208914771859e-01
1.736485492333246228e-01
1.729348231301377770e-01
1.732499939489668683e-01
1.169294947119836892e-01
7.390033807329303428e-02
9.864216900978356461e-02
7.920601450184194814e-02
4.440151434282645776e-02
5.480982791577161672e-02
8.632674504607676380e-02
7.740089395147295437e-02
8.335882432759525451e-02
1.327368577825993878e-01
1.852363517601253451e-01
2.065715089920159009e-01
1.827363586043924959e-01
1.950442060739438488e-01
2.649334350504316538e-01
2.714858404055180419e-01
2.188397496850345014e-01
2.879759943328587535e-01
3.990466717575078537e-01
3.057348116219366085e-01
2.628841285705815212e-01
2.421947258026206917e-01
2.254166732011026464e-01
3.087121474448413783e-01
4.006774163070833117e-01
3.006948989341412526e-01
6.553158246629740002e-01
9.231885708867947349e-01
9.501219246334836610e-01
9.788778731151299706e-01
1.589163291516478616e+00
1.789017461718911628e+00
1.760488011551138543e+00
3.068120017390100873e+00
3.693833565125026919e+00
3.619042536916779795e+00
3.656244523850087802e+00
2.444891815981133920e+00
1.246445839636715291e+00
6.440782767570075729e-01
3.356764181756949905e-01
6.142424970839919229e-01
1.026795249628766227e+00
8.659654367459448387e-01
8.551983782657107680e-01
1.207212317375190969e+00
1.225043137599036491e+00
1.180493204080489411e+00
1.118716019114530225e+00
1.198473729501564389e+00
5.990783006860460613e-01
6.696817581953035114e-01
9.827075777222245012e-01
7.268512468351384648e-01
5.725613213513650601e-01
8.566801906330008265e-01
7.894642054084889393e-01
5.988476315384974047e-01
4.482958780404610599e-01
3.089208642793693782e-01
2.432473643385547057e-01
2.188079336965415844e-01
2.395481269718075235e-01
4.081034561254261450e-01
4.869442328000003761e-01
5.887656282501115834e-01
6.533457571579904810e-01
