6.089232503061746682e-01
4.534746806344069348e-01
4.602554573182314201e-01
4.597370741211461720e-01
3.700052399466837172e-01
2.689257418497939534e-01
3.054543009729097647e-01
2.645337196859887108e-01
1.502489492186147857e-01
1.256496281781727953e-01
1.407554129177604751e-01
9.514367674136046948e-02
9.404818622588012600e-02
8.557169463196480363e-02
1.563229675767009719e-01
3.167523562363203093e-01
3.013811868504440161e-01
4.359962843941302402e-01
5.199964072125875525e-01
5.566216413459988965e-01
7.358180797050776212e-01
8.811759647821940655e-01
1.039720096858223197e+00
1.054760480343734930e+00
1.000556115852787809e+00
1.009825316121933270e+00
8.899477330059195612e-01
9.625436815113631583e-01
8.945511023500634096e-01
9.402430948695246204e-01
8.675268338021642212e-01
7.681199861067755652e-01
7.611148153446639641e-01
7.687663548152217086e-01
6.804199117365752336e-01
6.279385323972157540e-01
6.632579675692634735e-01
6.267035749412926959e-01
5.159977369190201779e-01
5.209590155446927051e-01
5.517328545224282621e-01
4.722921128079972664e-01
3.993080448914858027e-01
4.626508139606025916e-01
4.304588823658172525e-01
3.393995355096470212e-01
3.691815835262993728e-01
4.321649418044267721e-01
3.630970315586341535e-01
2.940686734820677772e-01
3.851886236202625158e-01
4.343997762906019466e-01
3.626914650209046020e-01
3.403555780819721432e-01
4.294971728334416872e-01
5.020939104195166758e-01
5.017186482686409876e-01
5.646532343856605074e-01
6.423269331403260729e-01
6.762244685953933132e-01
7.641453120993499937e-01
7.352192107602635307e-01
7.950552815827542918e-01
7.195647889697993627e-01
6.096041004425581944e-01
6.477301636274881425e-01
6.853650578722464415e-01
5.579050848803199791e-01
5.160885193719895181e-01
6.297776831850655510e-01
5.948550556225693509e-01
4.674423082947716801e-01
4.945913420313464703e-01
5.221367224046613575e-01
4.118064231159013766e-01
3.439122323093751765e-01
4.129883407894130443e-01
4.305863251762666044e-01
3.188697351778077005e-01
3.029669975854464847e-01
4.071778635769210397e-01
3.934553096504252445e-01
3.169736614131601349e-01
3.784870564066429299e-01
4.737517693206972913e-01
4.424636247026436098e-01
4.028570161332907240e-01
4.620337918099023389e-01
5.664018268194455086e-01
5.412070774496052783e-01
5.471380626100150746e-01
6.594378393896748181e-01
6.587779948470073865e-01
6.058033888627479824e-01
5.365724804436089457e-01
5.113135363533948263e-01
4.423489493852606480e-01
4.355767605326069103e-01
5.266037681100494972e-01
6.025841272815247729e-01
6.409842494998303497e-01
7.254810559181041896e-01
7.732803236356419196e-01
8.071351242485704791e-01
8.789781297564746021e-01
8.650405167243916393e-01
8.236997628796492998e-01
9.007557646406998408e-01
9.261699316429189421e-01
8.957446388505941881e-01
9.525592272837352104e-01
8.849933874023382385e-01
8.927075050202744055e-01
8.887428290204884007e-01
8.064470427294448962e-01
7.284968400991472803e-01
7.859199458070998956e-01
7.594427434268852251e-01
6.291067392417274418e-01
6.579925678798510535e-01
6.335875722581947311e-01
4.860508536806118496e-01
4.879081141692253598e-01
5.268412705770284532e-01
4.495964882097056581e-01
3.726907617058054512e-01
4.809140961133929193e-01
4.926287025105487438e-01
3.568531297811969316e-01
3.859869425812857413e-01
2.718736114037651475e-01
2.576573375109064146e-01
1.855637749475648468e-01
1.700581292021733915e-01
1.023533341543564623e-01
8.039969985719642998e-02
3.675462484890831827e-02
9.452027690184390540e-02
9.250496435015975738e-02
1.517260704108760183e-01
2.119768440374384666e-01
2.328817266931317576e-01
2.749864408595302234e-01
3.470534043725529982e-01
4.134050440757768841e-01
4.248573454552191375e-01
5.698147596230997980e-01
6.632023251138495779e-01
7.545026268384125157e-01
7.891696000275988387e-01
8.366276198452989865e-01
7.714632411170755377e-01
7.780300364395521528e-01
8.629827113753985035e-01
7.915798081075131609e-01
7.313599441291867009e-01
7.340987242561809456e-01
6.906777795829913691e-01
5.927841474544708333e-01
5.490785692315076627e-01
5.741882413464862722e-01
5.020171561397797078e-01
4.008558029003704282e-01
4.114035938140889193e-01
4.209998175874881121e-01
3.021214002530173137e-01
2.605912254481757562e-01
3.325765705844253017e-01
2.764074899178136091e-01
1.738251929493722925e-01
2.257979123682117839e-01
3.081952204815952001e-01
2.353988042172279749e-01
2.272221776780522229e-01
2.878490526997694032e-01
3.667009996328566834e-01
3.868241098775340170e-01
3.409842938697019710e-01
4.126648640576421889e-01
2.913130000332532221e-01
2.494702195957019808e-01
2.641128782314808299e-01
2.990896667689497690e-01
2.471424590277210842e-01
1.682559113360238279e-01
1.379603754670089277e-01
1.526054274389329890e-01
6.372955220585915792e-02
4.888995661583505487e-02
1.483149094002924884e-01
1.057451872140569848e-01
1.372026155003551184e-01
2.199150206421909837e-01
2.399565683312363529e-01
2.415650440999895232e-01
3.225439577847730166e-01
3.682155392450528475e-01
3.598849602942170156e-01
4.227519146595060118e-01
5.095910710971647273e-01
5.280533937802879274e-01
5.487037492383587400e-01
6.305532243690761263e-01
6.510458162495412759e-01
5.302456964668377237e-01
4.702158876902045592e-01
5.043048785005135315e-01
4.497335604765086425e-01
3.088695650016058947e-01
3.002670590892897451e-01
4.853714752497171880e-01
4.856363943553417828e-01
5.011244330003451486e-01
1.005395083081972007e+00
1.295444615559512958e+00
1.577797828585365547e+00
2.549609979474002142e+00
3.470477096357356128e+00
4.530043465556533810e+00
5.581847268829419839e+00
6.381700167595613316e+00
6.948544082246810305e+00
6.523306032513667141e+00
5.834332012368662390e+00
4.931188793219624777e+00
3.959056015744282675e+00
2.826763010825164457e+00
2.813058050535783838e+00
2.506839839538666848e+00
1.507671650172769606e+00
1.495299428746582615e+00
1.959900176318147169e+00
1.981474622084309134e+00
1.098374181050024267e+00
4.519289624011838535e-01
5.426278769594199414e-01
1.194812083947611958e+00
1.176215482046967242e+00
1.075451618195217840e+00
1.367508201176748983e+00
9.886269994155684193e-01
7.115209441194844109e-01
6.687815304612411138e-01
5.637343654092629164e-01
5.157796725102111735e-01
4.874798341185308526e-01
3.410394091057052934e-01
2.100263125657550467e-01
1.990149772252474136e-01
2.147593318315065558e-01
