2.619035769610375541e-01
1.790476524409497505e-01
1.773592779636402883e-01
1.810357319441356083e-01
1.392358207182474161e-01
9.661808610831400246e-02
1.216635718095553098e-01
1.081703270429033581e-01
6.916137103275149522e-02
8.030338839851751398e-02
9.474243300811824309e-02
8.208697277579518614e-02
1.589427645638996911e-01
1.690346563944108427e-01
3.282597257887394093e-01
2.033282527739219137e-01
1.622222191992519491e-01
1.888142128995777547e-01
1.714165481923846657e-01
2.949548217744868972e-01
3.030256857596443920e-01
3.225850412988266469e-01
3.475809984498178240e-01
3.726545105270016589e-01
3.694988365779060535e-01
3.565354168079476471e-01
3.149978645033444380e-01
3.461182964283339714e-01
3.586726238369526976e-01
3.636284911697315048e-01
3.314043857240522861e-01
2.931535815981446969e-01
2.506104293513482517e-01
2.480131969514917101e-01
2.515918520343137232e-01
2.010119827901860057e-01
1.878337410343617619e-01
2.047013249689143000e-01
1.805264054909554161e-01
1.214372673676662462e-01
1.228649259929836812e-01
1.523831198253397246e-01
1.243046048530032921e-01
9.237907437282789902e-02
1.224605356807811629e-01
1.369858309634697513e-01
9.494503077409173486e-02
1.077138812842484000e-01
1.109467824977911493e-01
8.569566507812093059e-02
8.827426661254886286e-02
1.012766326149706492e-01
7.494678853661031204e-02
7.481594274258659971e-02
1.316162536280071904e-01
1.930540711214402960e-01
1.878775660590230046e-01
2.067302714079561343e-01
2.394289776194440666e-01
2.624498573835732373e-01
2.862139395499338490e-01
2.732987699852305052e-01
2.879616259963330149e-01
2.610392195169517482e-01
2.082344790416415514e-01
2.219088847371790130e-01
2.282753385969181759e-01
1.634005976137150873e-01
1.662047796375804853e-01
1.874379829500865124e-01
1.155110555988354271e-01
1.243958649284077622e-01
1.777650502083045758e-01
1.976361863124655449e-01
1.697434919899135086e-01
1.455767513541407765e-01
1.455539264758796969e-01
1.365535003426937843e-01
1.118715835618501186e-01
9.508541199930438392e-02
9.479387741368439091e-02
8.073637233279880310e-02
5.058298506159717572e-02
5.426876290982678153e-02
5.753389829228360702e-02
4.214397982807839560e-02
4.424812420961678899e-02
4.657752853385695863e-02
4.567202077660919429e-02
7.437829011261444523e-02
9.448988649439464538e-02
1.180131124522304925e-01
1.209618743292245058e-01
1.320849633066416007e-01
1.157793201416096596e-01
1.353219188383399108e-01
1.485788559630266958e-01
1.469616967729474033e-01
1.995481588768569792e-01
1.909702922574060269e-01
1.745777187155805321e-01
2.060165071751372257e-01
1.935561892387868965e-01
2.506621845096150270e-01
2.830830609540315179e-01
2.857176857037207474e-01
2.802913784442813694e-01
2.782998147415188250e-01
2.951588977715176587e-01
2.844107570822640429e-01
1.624236506145140257e-01
1.764382176379989398e-01
1.768992975440374371e-01
1.173888665442783114e-01
1.535214868895637408e-01
1.767150051651424914e-01
1.707694721366628254e-01
8.416252227265480501e-02
1.301395612014289160e-01
1.305408313268995035e-01
6.510547078188361203e-02
6.116712421583132137e-02
6.374925797649134973e-02
6.286353701751153100e-02
6.740714598676737779e-02
5.796314539589902254e-02
5.639395061006679394e-02
6.307964425574699718e-02
5.576170838020402115e-02
4.511240691052142981e-02
4.081151295819171465e-02
3.850471343495159848e-02
4.429667687967116935e-02
4.230290098365838136e-02
4.109418977415808805e-02
4.788251486252075029e-02
4.920312563798067557e-02
6.168033939553187184e-02
6.950707122192816001e-02
7.049212984460710707e-02
7.114056158071721536e-02
6.113764878932097246e-02
7.857272713565831290e-02
1.019512855339560486e-01
1.016613560297897345e-01
1.121038948791913126e-01
2.068622952299117301e-01
3.045316162323364884e-01
5.187047878090310649e-01
6.457673652993030089e-01
7.817194030556107176e-01
5.682746044626956206e-01
3.805246358766840586e-01
3.740531936972554816e-01
3.440251178489630579e-01
3.058976060796660956e-01
3.245419826407967001e-01
3.225861836160322516e-01
2.568112089789424402e-01
2.361385239241649558e-01
2.905252045856369092e-01
2.447798134545355331e-01
1.595499847443846986e-01
2.223471338408366249e-01
2.363654864238244335e-01
1.387009218677879296e-01
1.830643634592610258e-01
1.544560401159585927e-01
1.259337221095833126e-01
7.921410871135629861e-02
4.891230648052966035e-02
8.085496556356365494e-02
6.478112114041489900e-02
3.501445217549110228e-02
7.960240404128841873e-02
1.039169150600328662e-01
8.713261404263600296e-02
9.769354983103611945e-02
1.757468749644634787e-01
8.604755988199190575e-02
5.632047236929909467e-02
8.595963771976963819e-02
1.226148119415985255e-01
1.080152471673191394e-01
9.937560414265236841e-02
1.104388942091786424e-01
8.340011576328484888e-02
7.807969238279384439e-02
9.627514755547665615e-02
9.614028037742028410e-02
6.299421914552026658e-02
9.305490587246205425e-02
1.140450894898513007e-01
9.679130945894376392e-02
1.189948164287571442e-01
1.601698612608573602e-01
1.646419426593195567e-01
1.768380525365455536e-01
2.161753719229775328e-01
2.135251116522250692e-01
2.475976922637671829e-01
2.758894487787897920e-01
3.572522935931970456e-01
3.577256577009427785e-01
1.286329781758868140e-01
1.477621791785300176e-01
2.161112406748007531e-01
2.655110592577750728e-01
2.327584790456027342e-01
1.810110832557076388e-01
3.360655704073051697e-01
5.460107327048792092e-01
5.632769505925431242e-01
6.297710924835772106e-01
8.669740578241078577e-01
8.949183214702400857e-01
8.567798309440024518e-01
1.141876305170109296e+00
1.249891380698083365e+00
1.458426707163103409e+00
1.495957509249856932e+00
1.495098545367806286e+00
1.586804665467410391e+00
1.589882541937939431e+00
1.547670206353890077e+00
1.478244116738437031e+00
1.396203763631884920e+00
1.015251236722840344e+00
9.497452128577423824e-01
1.082084988257786984e+00
8.116213648755451482e-01
4.265650839809179140e-01
6.052312659930335625e-01
1.262780832978452339e-01
5.378339145376639374e-01
8.389818890434452836e-01
7.691769328794234584e-01
7.296291854113320374e-01
1.183223177142436189e+00
1.364487759094757946e+00
1.256414290436486114e+00
1.055194829929910760e+00
5.919782179513045639e-01
3.935120207794067793e-01
2.428097251803170709e-01
5.747464359321759891e-02
4.366760004427248099e-01
8.235890742903245743e-01
1.568448411416606403e+00
2.401316316281270957e+00
